5958144330
5016956081
5189905372
5317682304
5388118930
5810098326
5637432945
5242939775
5797829692
5924258953
5939588554
5695503021
5717345371
5408598417
5594998015
5993419234
5365197058
5476416994
5424649633
5498802158
5226585968
5273756649
5250954524
5419881810
5826179412
5567505026
5016614646
5691842131
5352267109
5602943123
5449349720
5664637977
5033946596
5071369274
5276294090
5997518038
5993412539
5961507432
5401192464
5057908503
5845022880
5021841695
5224144997
5897780595
5806593308
5974253181
5579188421
5489239952
5774673319
5159657509
5354716297
5436843768
5768373538
5856193128
5056057834
5917053665
5065065315
5276888964
5253746604
5259500116
5918026793
5449885488
5694676776
5110024399
5766115754
5221336053
5101582891
5955584850
5901570738
5206773128
5298621114
5839262045
5642176861
5122972820
5107743420
5584813553
5737566968
5864271877
5540327417
5387649076
5191274889
5270019091
5131846635
5943341316
5661028966
5917672428
5391846706
5800192712
5563095009
5912440722
5854880273
5738528014
5686295602
5231935728
5856040090
5199619867
5349240593
5538810751
5252260934
